,0
0,0.0003152798607344062
1,0.00020129338311156495
2,0.00037289355471173646
3,0.0004089685907867726
4,0.0003063275790548518
5,0.0001786910877819969
6,0.0002922343831434741
7,0.0003754640118276481
8,0.00018178530575224788
9,4.7154592609138054e-05
10,0.00021751385387749027
11,0.0004775732048459321
12,0.00020475020475020476
13,0.0002795593704684614
14,0.00034399001341150104
15,0.00039381175744812114
16,0.0007454325636143818
17,0.0004305958851413397
18,0.00013614559069104524
19,0.0004246572428390611
20,0.0005112550567096021
21,0.000159642308402639
22,0.000430950430950431
23,0.00026688435779344873
24,0.0005239300693846147
25,0.0002563366199729836
26,0.0003898231170958444
27,0.00048634821362094087
28,0.00024348433439342533
29,9.439782167054893e-05
30,0.0002677707223161769
31,0.00012276148639785002
32,0.00017824790552063282
33,4.467277194549921e-05
34,0.00012976376612740248
35,0.00014252741525468796
36,0.0007708712254166797
37,0.0004365345274436184
38,0.00013189104098195007
39,0.00010051373687737322
40,0.000506025506025506
41,0.00010354101263192172
42,7.977280704553432e-05
43,0.0003871640235276599
44,0.00037208776878198366
45,9.466373102736738e-05
46,0.0003589776317049045
47,0.0008486859726529147
48,0.0005011505011505012
49,0.00017009335191153373
50,0.00038822766095493363
51,0.00019092291819564546
52,0.00010122282849555576
53,0.0002550070731888914
54,0.000401523128795856
55,0.00015945697763879583
56,0.00011115011115011113
57,0.0006713324895143076
58,0.00026254117163208076
59,0.0006286097195188103
60,0.0002063456608911155
61,0.0004295241898547684
62,0.0005250742854048636
63,0.00022416158779795144
64,0.00017496835678653864
65,0.0001967729240456513
66,4.032958578413124e-05
67,0.0005030118666482303
68,0.00042678451769360867
69,0.00031970362548874946
70,0.00017443653807290175
71,0.0007363916454825543
72,0.0004282752216636513
73,0.00030154121063211977
74,0.00042315042315042324
75,0.00021060021060021063
76,0.00040914586369131814
77,0.00017656381292744928
78,0.0002839025566298294
79,0.0004933504933504934
80,0.0002979151739482318
81,0.00027946267615689107
82,0.0
83,0.00018454109363200277
84,0.0001636228908956182
85,0.00019331610240701152
86,0.0002310752310752311
87,0.00040170040170040174
88,0.000537483388723058
89,0.0004610868247231885
90,0.00015608879245242882
91,0.00011716933204536511
92,0.00014678196496378313
93,0.00026688435779344873
94,0.0004212890576526941
95,0.0001342842251933161
96,0.0005043414134323223
97,0.00017523426614335705
98,0.0002674161765070856
99,0.00039709130618221524
100,9.679100588191497e-05
101,0.0002792048246593701
102,0.0003995731268458541
103,0.0005246391610027973
104,0.0002900184718366537
105,0.00016326834508652692
106,0.00013366377002740638
107,0.00020953657317293681
108,0.0002808002808002809
109,0.0003145707691162236
110,0.00028186391822755463
111,0.00020980248252975528
112,0.0002882457427911974
113,0.0001720433538615357
114,7.232734505461777e-05
115,0.0004174776902049629
116,0.0007446348355439262
117,0.0005062914153823245
118,0.0004898050352595807
119,0.00019172064626610084
120,0.0003049980322707595
121,0.0004943254943254944
122,0.0002429525156797884
123,0.00014172968718423266
124,0.00035897763170490455
125,3.873412964322055e-05
126,7.63159854068945e-05
127,7.011143374779738e-05
128,0.000262895717441172
129,0.00030127530127530125
130,0.0001789569971388153
131,0.0003323866960230597
132,0.00010051373687737322
133,0.00044672771945499217
134,0.0004600231872959146
135,0.00018640245912973183
136,0.00051905506450961
137,0.0001427046881592336
138,0.00029320938411847515
139,0.000312975312975313
140,0.0001589251589251589
141,0.00037962992508447065
142,0.0006863926285413887
143,0.00022150249422976694
144,0.0003223707769162314
145,0.0004500959046413592
146,4.866141229777593e-05
147,4.467277194549922e-05
148,0.00039363448454357553
149,0.00015608879245242882
150,0.0003424912515821607
151,0.00034772080226625683
152,0.0003294616930980568
153,0.0002265547720093175
154,0.00013401831583649765
155,0.00012338194156375976
156,0.00028053437144346234
157,2.978184796366615e-05
158,9.466373102736738e-05
159,0.00020670020670020668
160,0.00013561377197740833
161,0.0002547411638320729
162,0.0003120889484525848
163,0.0005048651742866619
164,3.7227309954582685e-05
165,0.00021591839773657957
166,0.0002579320761138943
167,0.00037732537732537735
168,0.000625418807236989
169,0.00037572992118446665
170,0.00015475924566833659
171,0.0002761911852820944
172,0.0001765638129274493
173,0.0003480753480753481
174,6.40841549932459e-05
175,0.0002310752310752311
176,0.0005816323998142182
177,0.00021910931001840092
178,0.00030659348841167024
179,0.0004831573013391197
180,0.0003169639533275897
181,0.000333184424093515
182,0.00039088675452311826
183,0.000621518803336985
184,0.00023080932171841266
185,0.00017646711861587892
186,0.00012772512772512773
187,0.00043609134518225425
188,0.00022070476615931165
189,0.00023293659657296027
190,0.00028576392212755847
191,0.00029223438314347403
192,0.0003962049416594872
193,0.0003003889367525731
194,0.0002541207086661632
195,0.0003831753831753832
196,0.0004398140761777126
197,0.0002934752934752935
198,0.0002563366199729836
199,0.0003754640118276481
200,0.0002792048246593701
201,0.0004576300030845485
202,0.00037174128083218994
203,0.0004948573130391311
204,0.0004988459533914079
205,0.00033504578959124413
206,0.00011132738405465677
207,0.00018241381877745515
208,0.0001715115351478988
209,8.127962673417219e-05
210,0.00010024782752055478
211,0.00028239573694119146
212,9.838646202282565e-05
213,0.00036261172624808987
214,2.1804567259112712e-05
215,0.00011912739185466457
216,0.0001454524181796909
217,0.0002446366082729719
218,0.00038530265802993075
219,0.00027734345916164105
220,0.00031244349426167616
221,0.0002892207437661983
222,0.00010849101758192665
223,5.584096493187402e-05
224,0.00012258421349330438
225,0.00023054341236159424
226,0.0001454524181796909
227,0.0005265005265005265
228,0.0006393347302438211
229,0.00024968888605252245
230,0.0002906389270025634
231,0.00019987519987519988
232,0.00021512066966612422
233,0.00021653885290248923
234,0.00030446621355712265
235,0.0002636048090593546
236,0.0002910821092639274
237,0.00026989799717072436
238,0.0002718479991207264
239,0.00030313666677303036
240,0.0002193752193752194
241,0.00036872764145491415
242,0.00023931842113660294
243,0.0004391130424188275
244,0.0005334141697778061
245,0.00018737746010473284
246,0.00015768424859333955
247,0.000289841198932108
248,0.000344521832125138
249,0.00011265693083874899
250,0.0002935639299275663
251,0.00014864333046151227
252,7.383416474325566e-05
253,0.0004580651274866151
254,0.0002805263135841648
255,0.0004884754884754883
256,0.00018932746205473482
257,0.0002677707223161768
258,0.0003071253071253071
259,0.0002510184328366147
260,0.0
261,0.0003515321697139879
262,2.0475020475020476e-05
263,0.00011451829633647815
264,0.0003000343909434818
265,0.0004237708783163329
266,0.000169472896745624
267,0.0001454524181796909
268,3.350457895912441e-05
269,0.000353925353925354
270,0.0002962230234957508
271,7.445461990916536e-05
272,9.182736455463728e-05
273,0.00018720018720018723
274,0.00035303898940262576
275,0.0006835643199279563
276,0.0004913118549482185
277,0.00033859124768215675
278,0.00045719487868248193
279,0.00021565248837976113
280,0.00037112082566628026
281,0.00016310470855925404
282,0.00048076411712775347
283,0.0005929778657051385
284,0.0004390163481072573
285,4.839550294095749e-05
286,0.0002694548149093604
287,0.00041614814342087086
288,0.0002808002808002808
289,0.00025438661802298164
290,0.00017505699323881141
291,0.00016858653222289588
292,0.0002584638948275312
293,0.00016007743280470555
294,0.0002808002808002809
295,0.0005504323686141867
296,0.00014518650882287246
297,0.0003890253890253891
298,0.0002637820819639001
299,0.000636055181509727
300,0.00032423214241396065
301,0.00021379112288203198
302,0.00019358201176382993
303,0.00015236606145697056
304,0.0003377935196117014
305,0.0001915514312208527
306,0.00016167288894561622
307,0.00026085707903889736
308,0.0002228320410138592
309,0.00024144569599115058
310,0.00047783911420275053
311,4.892732165459438e-05
312,0.0002772467648500707
313,0.0003868981141708415
314,0.00039966176329812696
315,0.00029471620380711305
316,0.0002829275556548284
317,0.00036456172819809195
318,0.00012444557899103355
319,0.0006019301473846929
320,0.0004746482019209291
321,0.00037351400987764626
322,0.0002444593353684264
323,0.0003706776434049162
324,0.00021538657902294268
325,8.721826903645084e-05
326,0.00041818678182314564
327,3.377048831594287e-05
328,0.00011700011700011698
329,0.00044929817657090383
330,0.00035525490070944615
331,0.00048306866488684655
332,0.0005096596005686914
333,0.00038220038220038226
334,0.0
335,0.0003878731151458424
336,0.0007374552829098283
337,0.0003837822019640201
338,0.0002280615916979553
339,0.00013969104878195789
340,0.0
341,0.0001688524415797143
342,0.00021033430124339217
343,8.500235772963045e-05
344,0.00016353425444334536
345,0.0001885297339842794
346,0.0003872607178392303
347,0.0007114767445345958
348,0.0006110597019687928
349,0.0007328461873916418
350,0.0003068593977684887
351,0.00027078436169345263
352,0.0002475616111979748
353,0.0001571524298797026
354,0.00014305923396832487
355,0.0005351063202302871
356,0.00020129338311156495
357,0.00014508981451130212
358,0.0002659093568184477
359,0.00023736841918660105
360,0.00018019790747063477
361,4.254549709095163e-05
362,0.00025641719856595886
363,0.0003666890030526395
364,0.00027805255077982354
365,0.0002918798373343828
366,0.0003455935274117092
367,0.0003315889679526042
368,0.0004961868598232234
369,2.632502632502633e-05
370,9.25364561728198e-05
371,0.00016504107413198323
372,0.00016539561994107448
373,0.0003353116989480626
374,0.00014890923981833071
375,0.0005178141541777906
376,0.00033637533637533636
377,0.00013401831583649765
378,6.399551854097309e-05
379,0.00021006839188657372
380,0.00039886403522767155
381,0.0005294255294255294
382,0.00032352305079577805
383,0.00047837093291638747
384,0.00017647517647517648
385,0.00021636157999794367
386,0.0007142325324143505
387,0.0001430592339683249
388,0.0003901696050456382
389,0.000347890017311505
390,0.0003642958188412734
391,0.00023763432854341946
392,0.0003103162194071285
393,0.00025872980418434967
394,0.0001967729240456513
395,0.0004544390908027272
396,0.0002785843694934604
397,0.00018214790942063674
398,0.0004047140410776774
399,0.0006504142867779231
400,0.00024827070281615736
401,0.000336109427018518
402,0.00023408887045250687
403,0.0003040230312957585
404,0.0004564777292050019
405,0.00024880252152979424
406,0.00010361601270692178
407,0.0003913299367844822
408,0.00023593412023164095
409,0.00012701603610694518
410,0.0002584638948275312
411,0.0002857639221275586
412,0.0003423220365369126
413,0.00016752289479562206
414,0.0002717593626684536
415,0.00033938897575261216
416,0.000516661880298244
417,0.000341870796416251
418,0.00020448429539338627
419,0.0002805343714434625
420,0.0004632140995777359
421,0.00020776384412748053
422,0.00025376616285707195
423,0.00041632541632541636
424,0.0004820936639118458
425,0.00023727172487503066
426,0.00021582976128430674
427,0.0007412585924982619
428,0.00101293737657374
429,0.000151656969838788
430,0.00017603199421381243
431,0.00032573896210259844
432,0.00036624582079127535
433,0.00025872980418434967
434,0.00032547305274578
435,0.00038530265802993075
436,0.00036828445919355007
437,0.00034266046662740886
438,0.000310582128763947
439,0.00024347627653412775
440,7.631598540689449e-05
441,5.2384143293234204e-05
442,0.00015316378952742588
443,0.0002566025293298021
444,0.0007089143452779816
445,0.0002943616579980216
446,0.00039425493970948527
447,8.509099418190327e-05
448,0.0002897525624798352
449,0.0006541370177733812
450,0.00013127058581604038
451,0.00012231830413648594
452,0.00021565248837976115
453,0.0001227534285385525
454,0.00010397055851601304
455,0.0003127094036184945
456,0.000416945871491326
457,0.00023453205271387092
458,0.00018737746010473287
459,0.00013907059361604817
460,0.00026564344746162936
461,0.00042066860248678433
462,0.0003825549280094734
463,0.00035888899525263174
464,0.00023453205271387092
465,0.000225587828893614
466,0.00013189104098195007
467,5.832278559551287e-05
468,0.0005623982896710169
469,0.00010902283629556355
470,0.0002698979971707245
471,0.0003174957720412266
472,0.00033841397477761114
473,0.0003206866843230479
474,0.00018604791332064058
475,0.00023559569014114468
476,0.0003499367135730772
477,0.0006969403663618538
478,0.0006736370372734009
479,0.0003354889718526083
480,0.0004688948903824937
481,0.0004007254007254007
482,0.00034408670772307135
483,0.0001281683099864918
484,0.00011762057216602672
485,0.00012471148834785196
486,0.000139602412329685
487,0.00034275716093897917
488,0.00019810247082974357
489,0.0003940776668049396
490,0.000364199124529703
491,0.00025314570769116227
492,0.000370766279857189
493,0.000690389326752963
494,9.785464330918876e-05
495,0.00024224342406160585
496,0.00030623894260257885
497,0.00045895954986864085
498,0.00015697515697515697
499,0.0003754640118276482
500,0.00025518434609343694
501,5.371369007732644e-05
502,0.0005978528705801432
503,0.0002333797788343243
504,0.0001563547018092473
505,0.0002787616423980061
506,5.584096493187402e-05
507,0.0002903730176457449
508,0.00023852069306614764
509,0.00021636157999794365
510,0.0002683025410298138
511,0.0003811286869138109
512,0.00041632541632541625
513,0.0004206686024867844
514,0.0001824138187774551
515,0.0003887594796685706
516,0.0004617153377483957
517,0.0002930321112139294
518,3.7227309954582685e-05
519,0.00022061612970703881
520,0.0003791867428231065
521,0.00017558881195244832
522,2.6059116968207878e-05
523,0.00039248221066402885
524,0.00013853877490241123
525,0.00010583192401374219
526,0.00045390727208909033
527,6.531700746576779e-05
528,0.00018720018720018718
529,0.0002100683918865737
530,0.0002155638519274883
531,0.0002115752115752116
532,0.0002992366628730266
533,0.0001731069912888095
534,0.0002472957018411564
535,0.00021246157609793975
536,0.0002712275439548166
537,6.957961503416047e-05
538,0.00047278683642319996
539,0.0003759958305412851
540,0.00020102747375474645
541,0.0002994139357775722
542,0.00039886403522767155
543,0.00040958904595268233
544,0.00010210919301828391
545,0.00027636845818664003
546,0.00033345033345033354
547,0.000384682202864021
548,0.00027175936266845364
549,0.00044397998943453485
550,0.0004697731970459243
551,0.00026094571549117006
552,0.0005270323452141633
553,0.0002621866258229895
554,0.00034967080421625875
555,0.0003999276726549454
556,0.0007150302604848059
557,0.0003257389621025985
558,0.00014793423884332978
559,0.000684982503164321
560,0.00031395031395031395
561,8.58887222523586e-05
562,0.0004007254007254008
563,0.00043227191987522566
564,0.00016380016380016383
565,0.0003981549436094891
566,0.0002379888743525107
567,0.00011965921056830147
568,0.00016716834898653082
569,0.00020811838993657178
570,0.00032281395917759556
571,0.00043369816097088825
572,0.0002004956550411096
573,0.00022655477200931746
574,0.0003559720501869262
575,0.00022815022815022814
576,0.0003754640118276482
577,0.0005702869339232976
578,0.00034249125158216065
579,0.00017753881390245033
580,0.00035312762585489857
581,0.0002472957018411564
582,0.0002430411521320613
583,0.000249422976695704
584,0.00036633445724354826
585,0.00032024350206168384
586,0.00015635470180924726
587,0.0004235049689595144
588,0.00016034334216152401
589,0.00011123874760238394
590,0.00013800695618877435
591,0.0005081527808800536
592,0.00038822766095493363
593,0.00011540466085920633
594,0.00040763904400268046
595,0.00030712530712530717
596,0.0001861365497729134
597,0.00029675484220938766
598,0.00026457981003435543
599,0.00016539561994107448
600,0.00020315474860929414
601,0.00016566152929789295
602,4.786368422732059e-05
603,0.00011983648347284711
604,0.0
605,0.000511255056709602
606,0.0002488025215297943
607,0.0004521128488070636
608,0.00045177999723454275
609,0.00013800695618877438
610,0.0001891501891501892
611,0.00022061612970703881
612,0.00010636374272737908
613,0.0009035599944690852
614,0.00018347745620472895
615,0.0
616,0.0001989001989001989
617,0.00017815926906835999
618,0.00028797983343437886
619,0.00022646613555704468
620,0.000530134621043712
621,0.0004141981414708688
622,0.00022070476615931162
623,0.00011451829633647817
624,0.00014119786847059573
625,0.0002544752544752544
626,0.00026378208196390013
627,0.0005129391493027856
628,0.00010237510237510237
