,0
0,0.0004165895204591742
1,0.00013904338153503893
2,0.00048582995951417006
3,0.000205728392804078
4,0.0003514279689806246
5,0.0002740289100500103
6,0.0004777613468319873
7,0.000487555720653789
8,0.00027745664739884393
9,0.00013735634815255712
10,0.00020577543041360862
11,0.00041286297536584246
12,0.0003413046940772259
13,0.00027944018815639335
14,0.00035147737657286127
15,0.00042157528631988196
16,0.0005546952642891812
17,0.0005456529647144416
18,0.0002056672760511883
19,0.0003495118484516625
20,0.00041898466050604034
21,0.00027888168444537405
22,0.0005533013648100332
23,0.0004158868787689748
24,0.00047464062923786274
25,0.00042359918104158334
26,0.0004887016825300784
27,0.0005477701191400009
28,0.0002740852405097985
29,0.00027141338520344696
30,0.0004887358033885683
31,0.000204100145137881
32,0.00035306578792515005
33,0.0001413727292005372
34,0.00020814061054579092
35,0.00021024107643431134
36,0.000883552333484368
37,0.0004750808768635613
38,0.00021100014066676045
39,0.00020956062123081938
40,0.0004943153732081067
41,0.00020556862565953267
42,0.0002050113895216401
43,0.0002794206678153961
44,0.000552270060059369
45,0.00013847538600013847
46,0.000348035917306666
47,0.0007661945669839796
48,0.0005458763590046854
49,0.00027047739259793537
50,0.00041302402423074275
51,0.00020510483135824977
52,0.00027097823141540963
53,0.0002079482439926063
54,0.000683542573309941
55,0.0001383444777495965
56,0.0002068014705882353
57,0.0005519271456167786
58,0.00027616680475006904
59,0.00047794619691383315
60,0.0003418102269619907
61,0.0006738090425173506
62,0.0006969288667936625
63,0.00040944452026750374
64,0.0001391207568169171
65,0.00020733982998133942
66,6.889741175389845e-05
67,0.0007471472559318964
68,0.0005445263754963131
69,0.00035097571248069636
70,0.00027572262304122056
71,0.0007468936016114795
72,0.00048325854332067656
73,0.0002825523899222981
74,0.0003441235174011792
75,0.000351000351000351
76,0.00047906923691114407
77,0.00020800110933924982
78,0.0003451926174805541
79,0.00048508927952692246
80,0.00027764281252169086
81,0.00028040658955485456
82,0.0
83,0.00020483874638687211
84,0.00027590012415505585
85,0.0003510825043885313
86,0.0002794206678153961
87,0.0004144600506562284
88,0.0006193370799403602
89,0.0005533013648100332
90,0.0002091369614723242
91,0.00020615722924683893
92,0.00021038851746224695
93,0.0003430217933179355
94,0.0004909524477486323
95,0.0002099223287383668
96,0.00048809966530308663
97,0.0002768677033824004
98,0.0002724857512659234
99,0.0004872276745319134
100,0.00013440860215053763
101,0.00027931010404301374
102,0.00041628122109158184
103,0.00048697910627739255
104,0.0005601848610041314
105,0.000211555639133092
106,0.000208540908774938
107,0.00041691758928985036
108,0.0002743735138101335
109,0.00020780420226275688
110,0.00048590864917395527
111,0.00027514100976750583
112,0.00041821561338289964
113,0.00034854540384794127
114,0.0001389757487318463
115,0.00034828643076065756
116,0.0008442974741433898
117,0.0006323629294798229
118,0.0004228429138575019
119,0.00020881670533642692
120,0.00041248453183005636
121,0.0006943480072212193
122,0.0003440840482635225
123,0.00028026251255342503
124,0.0004063572331587502
125,0.00013685819210328232
126,0.0001394959546173161
127,0.00013602049375439234
128,0.0004195217452104601
129,0.00040978008468788414
130,0.00020535755031259983
131,0.00047934261584113216
132,0.00014102051848543964
133,0.0004922874958976042
134,0.00048432851311146474
135,0.00028235294117647056
136,0.0005647058823529411
137,0.00028407073361266956
138,0.00033818821301348246
139,0.0005510907003444317
140,0.00027309968138370506
141,0.0003455425017277125
142,0.00040781186279396437
143,0.00027921262041044257
144,0.0004144695940500587
145,0.00041403105232892465
146,6.812453164384494e-05
147,6.906554320049727e-05
148,0.0004861223639436098
149,0.0002738475581926061
150,0.0002784868879090276
151,0.0004148325689659146
152,0.0003517658646404953
153,0.00033558548480916374
154,6.81044267877412e-05
155,0.00020743062597953352
156,0.00027513470136420956
157,6.953135864274787e-05
158,0.00013932427725531175
159,0.00034468495794843514
160,0.00020323826299031232
161,0.00041909196740395806
162,0.00034464535992463754
163,0.00048683234421364986
164,6.950236308034473e-05
165,0.0002019567363791401
166,0.00034132022663663046
167,0.000561245966044619
168,0.0005562637617336887
169,0.0003414367659109533
170,0.000280649235230834
171,0.0004928998943785941
172,0.0002106741573033708
173,0.00047770700636942675
174,0.00020678246484698098
175,0.0003402286336418073
176,0.0007635000694090972
177,0.0004092490280335584
178,0.0004209049456331112
179,0.0006864360241625481
180,0.00034535156789611824
181,0.00020388283533063
182,0.0004169079328314997
183,0.0006307084958770352
184,0.0004211610004913545
185,0.00034594095940959407
186,0.00028022978842650974
187,0.000342434480869327
188,0.00020468035750835777
189,0.00027620494406849883
190,0.0003391746749576032
191,0.00027344195055258063
192,0.0002787521196775767
193,0.00034565397732509907
194,0.00041356492969396195
195,0.00041013488880787456
196,0.0004851901483295596
197,0.00041919932928107315
198,0.0004111466423024212
199,0.00047459772193093473
200,0.00013889210398388853
201,0.0004207671988592534
202,0.0004211314398016003
203,0.00040807073226025847
204,0.0004803073967339097
205,0.00020346339919518922
206,0.00013373453694416582
207,0.00020449433096271386
208,0.00027536830510808204
209,0.00013688941616664006
210,0.00020524047342135868
211,0.0002782286111755159
212,0.00014078558355624384
213,0.00042401827989917786
214,6.888159254241958e-05
215,0.0002068204798235132
216,0.00013939548823269755
217,0.0003410796307244531
218,0.0004900245012250613
219,0.00035198047681621927
220,0.0004177885061739857
221,0.00027928410175250776
222,0.00021087654349914478
223,6.992680993893059e-05
224,0.00020964848936616274
225,0.000275040110016044
226,0.0002700330790521839
227,0.0002778420930771012
228,0.0005471706716519995
229,0.00034178686171303574
230,0.0004903563255966002
231,0.0002778356602069876
232,0.00027509685701840856
233,0.0003473428273706148
234,0.00041559880861674863
235,0.00048370378901301393
236,0.0003435166949113727
237,0.0002770210997737661
238,0.0004111466423024212
239,0.0003481328474946039
240,0.00034776157466441006
241,0.0004836258118004698
242,0.0004175365344467641
243,0.0004873407440068692
244,0.0004892025997623873
245,0.00027102719306170385
246,0.00027843519420854795
247,0.00028168352855566773
248,0.0006360873559968902
249,0.00014088806443280814
250,0.00041162615198152253
251,0.0002734793409147884
252,0.00014155283459551277
253,0.00034625239491239816
254,0.00027643400138217003
255,0.0006828890760510801
256,0.00034851301115241634
257,0.0002763067004374856
258,0.0003439104915627293
259,0.00027651043826904464
260,0.0
261,0.0004172655199592007
262,6.959910913140311e-05
263,0.00027934911655841887
264,0.00027340457041306876
265,0.00034083162917518747
266,0.0004085060027687629
267,0.0002089864158829676
268,7.000840100812098e-05
269,0.0004128440366972477
270,0.0002771362586605081
271,0.00013988948730502904
272,0.0001372369624885636
273,0.00034432890296811513
274,0.00034060718908240423
275,0.0006157775902570302
276,0.0004905625116800598
277,0.00041198416149779133
278,0.0004131662305467566
279,0.0003427944604415193
280,0.00041775941699352475
281,0.00027172682396630585
282,0.0005497148354291211
283,0.0006969126768415917
284,0.0004170045175489401
285,6.886578059362302e-05
286,0.0004052502420244501
287,0.0006224353358845497
288,0.0003437922577983544
289,0.0003405530581664623
290,0.00040978941377347753
291,0.00027411654521780843
292,0.0003469010175763182
293,0.0002779643742327025
294,0.0002742543709290367
295,0.00041136275338802934
296,0.0002037951179747294
297,0.000345272074394623
298,0.00034890212132489767
299,0.00041287244535174436
300,0.0004201680672268908
301,0.00013620266957232362
302,0.0002725228805668476
303,0.00021094079594993672
304,0.0004174493842621582
305,0.00013714285714285713
306,0.00020759330165613324
307,0.00034555842241061553
308,0.0003462923630990858
309,0.0004201680672268908
310,0.0004886903099692823
311,0.00014112002257920362
312,0.00040834845735027224
313,0.0005423361128059115
314,0.0005525116257654588
315,0.0004112311804619497
316,0.0003521705444556617
317,0.00040860800871697086
318,0.00020539973069813087
319,0.00048203833352461836
320,0.0004871259568545581
321,0.00041559880861674863
322,0.00040904442676968525
323,0.00048576253151673567
324,0.00021152083480222803
325,0.000206261172480176
326,0.00040782110247638035
327,6.80766088771898e-05
328,0.00013662135391761732
329,0.0004097054672918469
330,0.0003500583430571762
331,0.0005640820739417586
332,0.00048484288781659084
333,0.000624551826235803
334,0.0
335,0.000550067612477367
336,0.0005454421490420672
337,0.0004755434782608696
338,0.000274870009391392
339,0.00028056393350634775
340,0.0
341,0.0002773476321445906
342,0.0003427631278277958
343,0.00020295868663178785
344,0.00034288849266218623
345,0.0003472543754051301
346,0.00041400248401490407
347,0.0006770786313983931
348,0.0006913716814159292
349,0.0007043410889113234
350,0.0003386386725364037
351,0.00041191816559110257
352,0.00034256742868888024
353,0.00034597287572654304
354,0.00020932179737650014
355,0.0006310327903335125
356,0.00013708645585816122
357,0.00027798369162342475
358,0.0002718560975057203
359,0.00041751716459454444
360,0.0003441472032303951
361,6.981127684825355e-05
362,0.0004203544989607903
363,0.0004066418163334463
364,0.0003450179409329285
365,0.0002755896470155938
366,0.0004092490280335584
367,0.00042225767101435676
368,0.0004847869246040907
369,6.754018641091449e-05
370,0.0001414360473339305
371,0.0002737413600383238
372,0.00028199464210180005
373,0.00020644095788604458
374,0.00013873153136488705
375,0.0005460875105235614
376,0.00041109969167523125
377,0.00020466639377814163
378,0.00020677296328631162
379,0.000349088878028346
380,0.000617382754441726
381,0.0006340409543490513
382,0.00034644432639674807
383,0.0005590235721606261
384,0.0003453595192595492
385,0.00034535156789611824
386,0.0005613115981008957
387,0.00013831258644536652
388,0.0004041311180960934
389,0.0002791931318489565
390,0.0004211610004913545
391,0.00021216907517857564
392,0.0003495199925435735
393,0.0002752924982794219
394,0.0002773540424351685
395,0.00041211621677313
396,0.0002115506663845991
397,0.0003514032703931031
398,0.00048265876025649866
399,0.0006767426122264832
400,0.0002764021651502937
401,0.00047981355816025775
402,0.00042132858948551097
403,0.00020920015806234166
404,0.0006268428017551598
405,0.0003498542274052478
406,0.00020852641334569044
407,0.0004220992402213676
408,0.00047505938242280285
409,0.00028153153153153153
410,0.00041738162593331167
411,0.00034888589105456575
412,0.0004178466966897256
413,0.00021152083480222803
414,0.0002031786165793751
415,0.0004965360697987847
416,0.0006993170003962797
417,0.0003454867908883617
418,0.0002780030116992934
419,0.00048783887378911424
420,0.0005628517823639775
421,0.00027764923646459973
422,0.0003407619437061269
423,0.0005661445555765239
424,0.00035031177748195893
425,0.0004158196266863796
426,0.00027577965205800566
427,0.0006884681583476765
428,0.0008787544219373155
429,0.00027660604384205796
430,0.00027757858943813465
431,0.00034646033029218156
432,0.000422218052167386
433,0.00035068851845790566
434,0.00027344818156959256
435,0.00026930586413519153
436,0.0003529910104955994
437,0.0004237188390103811
438,0.00042170368287883047
439,0.00020571428571428572
440,0.0001392951664577239
441,6.971556051310653e-05
442,0.00020843465573542694
443,0.00027156694125101837
444,0.00047969299648225136
445,0.00034406037112645366
446,0.0004084133142740453
447,0.00013758627806186797
448,0.000276618796247205
449,0.0007674775570956789
450,0.00020923906725873572
451,0.0002086714583816369
452,0.0003497481813094572
453,0.0002128817087305154
454,0.00020902039110037623
455,0.000352410487736115
456,0.0005436998776675275
457,0.00020654044750430294
458,0.00027332984078536776
459,0.0002726591079502852
460,0.0002715853796537286
461,0.0002736290046744955
462,0.0004073872895165671
463,0.0004903906779067323
464,7.036802476954472e-05
465,0.00021060513876538587
466,0.00020768911247519268
467,6.872537340786218e-05
468,0.0007631292926022708
469,0.0002093412727949386
470,0.00027626217280198907
471,0.00033799008562415505
472,0.00027888816584549595
473,0.0004888609539772331
474,0.0002787262211692565
475,0.00035044272597715113
476,0.00020770828525271175
477,0.0005423238577303746
478,0.0005554526939455656
479,0.00048343654319850827
480,0.00048502205695544724
481,0.00041022836045398605
482,0.00020623281393217233
483,6.925207756232688e-05
484,0.000273000273000273
485,0.00020808767427342721
486,0.0003488047623476886
487,0.000344883084634309
488,0.0004131377814501136
489,0.0005536332179930796
490,0.0004902304082918972
491,0.0002820476660555634
492,0.0004732714324348688
493,0.0006282283959234957
494,0.0002083719207260604
495,0.00028037383177570094
496,0.0002789854230116476
497,0.00048642638747336235
498,0.00028022978842650974
499,0.0003433987317140175
500,0.000407000407000407
501,6.904487917146145e-05
502,0.000623168001477139
503,0.00020588840848260242
504,0.00021325498187332653
505,0.00048123195380173246
506,6.931287833279424e-05
507,0.0002761922297919352
508,0.0003526093088857546
509,0.0002734107997265892
510,0.00035212920794403495
511,0.00041455550437586366
512,0.0008471784251894385
513,0.0003472543754051301
514,0.0002744174346543484
515,0.00027539990361003376
516,0.0005413940897811866
517,0.0003412425779739291
518,6.848064280496713e-05
519,0.00020670172940446936
520,0.00047519913106444607
521,0.00021205409735639225
522,6.828579883003665e-05
523,0.0004713698906870777
524,0.00027775205999444494
525,0.0001414227124876255
526,0.0006352343308865048
527,0.00014153947771932722
528,0.00034281796366129587
529,0.00027312454479242533
530,0.00021162528216704289
531,0.0002796420581655481
532,0.0005482831882667398
533,0.00027697634160415464
534,0.00020404461775641608
535,0.00027366020524515394
536,0.00034773738872403563
537,0.00013773156118724605
538,0.000556508834577749
539,0.00055452865064695
540,0.0002798376941374003
541,0.00042217844075429216
542,0.0004220794447310416
543,0.0004150238638721727
544,0.00020930719319053932
545,0.00041445050770187194
546,0.00027804165990870963
547,0.0002769060365515968
548,0.00048511169119175773
549,0.00048181713892394174
550,0.0004749626815035961
551,0.00028026251255342503
552,0.000546423204772096
553,0.0002715730871070677
554,0.00034483551346007956
555,0.00048034035545186304
556,0.00048705816866128585
557,0.0004075348668719435
558,0.00013943112102621306
559,0.0005476576227095361
560,0.0003528498506268966
561,0.00020933153463273944
562,0.0004210132385273893
563,0.00047971491228070173
564,0.0002812609867572952
565,0.0006328520532533283
566,0.0003492758347692451
567,0.00027226318774815656
568,0.0003362776308119984
569,0.0002784610386596742
570,0.0005515846567534647
571,0.00048152988924812546
572,0.00027100271002710027
573,0.0002734918066412927
574,0.00047863247863247864
575,0.0004174203422846807
576,0.00033856988082340195
577,0.0006253039672062808
578,0.00021205409735639225
579,0.000274718985371214
580,0.00027110066871498283
581,0.00034325728277534955
582,0.00035314059704303605
583,0.00041685965724872626
584,0.0005444152073314581
585,0.0004845073022171977
586,0.00020372130924894744
587,0.0004119087393304195
588,0.00013664313368253245
589,0.00027826086956521737
590,0.0002077514369474389
591,0.000413526925197574
592,0.00042459840067935747
593,0.00013625215732582433
594,0.0005550159567087554
595,0.00042013864575309853
596,0.00014031805425631432
597,0.00034694113565398406
598,0.00042170368287883047
599,0.00021014289717007564
600,0.00040845038462411216
601,0.00034464535992463754
602,6.994148229314807e-05
603,0.00027290093695988356
604,0.0
605,0.0004908721161263177
606,0.000418848167539267
607,0.0005410645444912866
608,0.0004755865567533291
609,0.000211118930330753
610,0.0002752546105147261
611,0.0004068072411688928
612,0.00013908205841446454
613,0.0008290728202293769
614,0.00013974287311347122
615,0.0
616,0.00013645977848029294
617,0.0003476487357174311
618,0.00034839968411761975
619,0.00035236081747709656
620,0.0007045230379033394
621,0.0003461565088962223
622,0.0003408083975189149
623,0.00020887486075009284
624,0.0002775143960592956
625,0.0004155028738948778
626,0.00035430839002267573
627,0.000630664299729048
628,0.00020645990089924757
